Pdiag2_matrix = [...
	0	0.276;
	1	0.265;
	2	0.245;
	3	0.272;
	4	0.288;
	5	0.326;
	6	0.361;
	7	0.446;
	8	0.526;
	9	0.6975;
	10	0.855;
	11	0.873;
	12	0.891;
	13	0.874;
	14	0.856;
	15	0.837;
	16	0.722;
	17	0.605;
	18	0.543;
	19	0.553;
	20	0.588;
	21	0.58;
	22	0.509;
	23	0.388];
