Pdiag1_matrix = [...
	0	0.609;
	1	0.476;
	2	0.43;
	3	0.3818;
	4	0.344;
	5	0.348;
	6	0.387;
	7	0.463;
	8	0.601;
	9	0.644;
	10	0.705;
	11	0.684;
	12	0.749;
	13	0.76;
	14	0.722;
	15	0.696;
	16	0.67;
	17	0.667;
	18	0.665;
	19	0.665;
	20	0.701;
	21	0.817;
	22	0.922;
	23	0.827];
