Pdiag3_matrix = [...
	0	0.396;
	1	0.396;
	2	0.413;
	3	0.416;
	4	0.521;
	5	0.672;
	6	0.769;
	7	0.8;
	8	0.802;
	9	0.81;
	10	0.81;
	11	0.805;
	12	0.813;
	13	0.816;
	14	0.82;
	15	0.794;
	16	0.788;
	17	0.787;
	18	0.722;
	19	0.598;
	20	0.467;
	21	0.421;
	22	0.3915;
	23	0.3956];
