Qdiag1_matrix = [...
	0	0.429;
	1	0.342;
	2	0.255;
	3	0.245;
	4	0.258;
	5	0.278;
	6	0.264;
	7	0.237;
	8	0.273;
	9	0.274;
	10	0.256;
	11	0.249;
	12	0.218;
	13	0.25;
	14	0.234;
	15	0.252;
	16	0.246;
	17	0.242;
	18	0.218;
	19	0.218;
	20	0.204;
	21	0.272;
	22	0.269;
	23	0.293];
