Qdiag3_matrix = [...
	0	0.214;
	1	0.235;
	2	0.245;
	3	0.258;
	4	0.336;
	5	0.469;
	6	0.557;
	7	0.6;
	8	0.598;
	9	0.586;
	10	0.586;
	11	0.593;
	12	0.582;
	13	0.578;
	14	0.572;
	15	0.588;
	16	0.575;
	17	0.549;
	18	0.504;
	19	0.386;
	20	0.29;
	21	0.245;
	22	0.213;
	23	0.226];
