Qdiag2_matrix = [...
	0	0;
	1	0.054;
	2	0.05;
	3	0.068;
	4	0.073;
	5	0.092;
	6	0.119;
	7	0.147;
	8	0.194;
	9	0.276;
	10	0.414;
	11	0.423;
	12	0.431;
	13	0.398;
	14	0.368;
	15	0.331;
	16	0.237;
	17	0.176;
	18	0.136;
	19	0.138;
	20	0.119;
	21	0.079;
	22	0.103;
	23	0.097];
