% U ovom scenariju jedan kondenzator je smesten na cvoru 5
% Proracunate su aktivne i reaktivne snage korena mreze
% 	aktivne i reaktivne snage gubitaka
% 	napon na krajevima mreze
% 	struja korena

Pdist5 = [... 
	0	22.7398;
	0.5	22.7281;
	1	22.7181;
	1.5	22.7105;
	2	22.7055;
	2.5	22.7029;
	3	22.7029;
	3.5	22.7065;
	4	22.7118;
	4.5	22.7197;
	5	22.7303;
	5.5	22.7436;
	6	22.7598;
	6.5	22.7787;
	7	22.8004;
	7.5	22.8251;
	8	22.8527;
	8.5	22.8833;
	9	22.9169;
	9.5	22.9535;
	10	22.9933];


Qdist5 = [... 
	0	6.68148;
	0.5	6.21594;
	1	5.74729;
	1.5	5.27639;
	2	4.80324;
	2.5	4.32784;
	3	3.85021;
	3.5	3.3739;
	4	2.89171;
	4.5	2.40726;
	5	1.9206;
	5.5	1.43172;
	6	0.94063;
	6.5	0.447346;
	7	-0.0481284;
	7.5	-0.545784;
	8	-1.04561;
	8.5	-1.5476;
	9	-2.05174;
	9.5	-2.55803;
	10	-3.06644];


Ploss5 = [... 
	0	1.01887;
	0.5	1.00707;
	1	0.997088;
	1.5	0.98954;
	2	0.98446;
	2.5	0.981885;
	3	0.981856;
	3.5	0.985495;
	4	0.990785;
	4.5	0.998704;
	5	1.00931;
	5.5	1.02265;
	6	1.03875;
	6.5	1.05767;
	7	1.07944;
	7.5	1.1041;
	8	1.13169;
	8.5	1.16227;
	9	1.19587;
	9.5	1.23253;
	10	1.27229];


Qloss5 = [... 
	0	0.35948;
	0.5	-0.10606;
	1	-0.57471;
	1.5	-1.04561;
	2	-1.51876;
	2.5	-1.99416;
	3	-2.47179;
	3.5	-2.9481;
	4	-3.43029;
	4.5	-3.91474;
	5	-4.4014;
	5.5	-4.89028;
	6	-5.38137;
	6.5	-5.87465;
	7	-6.37013;
	7.5	-6.86778;
	8	-7.36761;
	8.5	-7.8696;
	9	-8.37374;
	9.5	-8.88003;
	10	-9.38844];


Vendprim5 = [...
	0	19.4212;
	0.5	19.4441;
	1	19.4672;
	1.5	19.4904;
	2	19.5138;
	2.5	19.5372;
	3	19.5607;
	3.5	19.5841;
	4	19.6079;
	4.5	19.6318;
	5	19.6557;
	5.5	19.6798;
	6	19.704;
	6.5	19.7283;
	7	19.7528;
	7.5	19.7773;
	8	19.8019;
	8.5	19.8267;
	9	19.8515;
	9.5	19.8765;
	10	19.9015];


Vendsecond5 = [... 
	0	19.442;
	0.5	19.4948;
	1	19.5478;
	1.5	19.6009;
	2	19.6542;
	2.5	19.7075;
	3	19.761;
	3.5	19.8142;
	4	19.8679;
	4.5	19.9217;
	5	19.9757;
	5.5	20.0297;
	6	20.0839;
	6.5	20.1381;
	7	20.1925;
	7.5	20.247;
	8	20.3015;
	8.5	20.3562;
	9	20.411;
	9.5	20.4658;
	10	20.5208];


Iroot5 = [... 
	0	651.612;
	0.5	647.807;
	1	644.262;
	1.5	641.008;
	2	638.053;
	2.5	635.407;
	3	633.079;
	3.5	631.12;
	4	629.453;
	4.5	628.126;
	5	627.148;
	5.5	626.526;
	6	626.265;
	6.5	626.372;
	7	626.851;
	7.5	627.707;
	8	628.943;
	8.5	630.564;
	9	632.57;
	9.5	634.965;
	10	637.748];
