Pdist = [... 
	22.7399	22.7281	22.7181	22.7105	22.7055	22.7029	22.7029	22.7065	22.7118	22.7197	22.7303	22.7436	22.7598	22.7787	22.8004	22.8251	22.8527	22.8833	22.9169	22.9535	22.9933;
	22.7261	22.7143	22.7044	22.6969	22.6919	22.6894	22.6894	22.6932	22.6986	22.7066	22.7173	22.7308	22.747	22.766	22.7879	22.8127	22.8404	22.8711	22.9049	22.9417	22.9816;
	22.7146	22.703	22.6931	22.6857	22.6807	22.6783	22.6784	22.6824	22.6879	22.696	22.7068	22.7203	22.7366	22.7558	22.7778	22.8027	22.8306	22.8615	22.8954	22.9324	22.9725;
	22.7056	22.6941	22.6843	22.6769	22.672	22.6697	22.6699	22.674	22.6796	22.6878	22.6987	22.7123	22.7288	22.7481	22.7702	22.7953	22.8233	22.8544	22.8884	22.9256	22.9659;
	22.699	22.6876	22.6778	22.6706	22.6658	22.6635	22.6638	22.6681	22.6738	22.6821	22.6931	22.7069	22.7235	22.7429	22.7652	22.7904	22.8186	22.8498	22.884	22.9214	22.9618;
	22.6949	22.6836	22.6739	22.6667	22.662	22.6598	22.6602	22.6647	22.6705	22.6789	22.6901	22.704	22.7207	22.7403	22.7627	22.7881	22.8164	22.8478	22.8822	22.9197	22.9604;
	22.6934	22.6822	22.6726	22.6654	22.6608	22.6587	22.6592	22.6639	22.6698	22.6783	22.6896	22.7037	22.7205	22.7402	22.7628	22.7884	22.8169	22.8484	22.883	22.9208	22.9616;
	22.6944	22.6833	22.6738	22.6667	22.6622	22.6602	22.6608	22.6657	22.6717	22.6804	22.6918	22.706	22.723	22.7429	22.7656	22.7913	22.82	22.8518	22.8866	22.9245	22.9656;
	22.698	22.687	22.6776	22.6707	22.6662	22.6644	22.6651	22.6701	22.6763	22.6851	22.6966	22.711	22.7281	22.7482	22.7711	22.797	22.8259	22.8578	22.8928	22.9309	22.9722;
	22.7043	22.6934	22.6841	22.6772	22.6729	22.6712	22.672	22.6772	22.6835	22.6925	22.7042	22.7187	22.736	22.7562	22.7793	22.8054	22.8345	22.8666	22.9018	22.9402	22.9817;
	22.7132	22.7025	22.6932	22.6865	22.6823	22.6807	22.6817	22.6871	22.6935	22.7026	22.7145	22.7291	22.7466	22.767	22.7903	22.8166	22.8459	22.8782	22.9136	22.9522	22.994;
	22.7249	22.7143	22.7052	22.6986	22.6945	22.693	22.6941	22.6997	22.7063	22.7155	22.7276	22.7424	22.7601	22.7806	22.8041	22.8306	22.8601	22.8926	22.9265	22.9671	23.0075;
	22.7393	22.7288	22.7198	22.7134	22.7094	22.7081	22.7093	22.7151	22.7199	22.7293	22.7414	22.7564	22.7743	22.795	22.8187	22.8455	22.8752	22.9081	22.944	22.9832	23.0256;
	22.7565	22.7462	22.7373	22.731	22.7272	22.726	22.7274	22.7315	22.7383	22.7478	22.7602	22.7754	22.7934	22.8144	22.8383	22.8652	22.8952	22.9283	22.9645	23.0039	23.0466;
	22.7766	22.7664	22.7577	22.7515	22.7478	22.7468	22.7484	22.7526	22.7596	22.7693	22.7818	22.7972	22.8155	22.8367	22.8608	22.888	22.9182	22.9515	22.988	23.0277	23.0706;
	22.7996	22.7895	22.781	22.7749	22.7714	22.7705	22.7723	22.7767	22.7838	22.7938	22.8065	22.8221	22.8405	22.8619	22.8863	22.9137	22.9442	22.9777	23.0145	23.0544	23.0976;
	22.8255	22.8156	22.8072	22.8013	22.7979	22.7972	22.7991	22.8037	22.8111	22.8212	22.8341	22.8499	22.8686	22.8902	22.9148	22.9425	22.9732	23.007	23.044	23.0843	23.1277;
	22.8543	22.8446	22.8364	22.8306	22.8274	22.8269	22.829	22.8338	22.8413	22.8517	22.8648	22.8808	22.8997	22.9216	22.9464	22.9743	23.0053	23.0394	23.0767	23.1172	23.161;
	22.8862	22.8767	22.8686	22.863	22.86	22.8596	22.8619	22.8669	22.8747	22.8852	22.8986	22.9148	22.934	22.9561	22.9812	23.0093	23.0406	23.075	23.1126	23.1534	23.1974;
	22.9212	22.9118	22.9039	22.8985	22.8957	22.8955	22.898	22.9032	22.9111	22.9219	22.9355	22.952	22.9713	22.9937	23.0191	23.0475	23.0791	23.1137	23.1516	23.1927	23.2371;
	22.9592	22.95	22.9423	22.9371	22.9344	22.9345	22.9372	22.9426	22.9508	22.9617	22.9756	22.9923	23.0119	23.0346	23.0602	23.0889	23.1207	23.1557	23.1939	23.2353	23.28];


Qdist = [...
	6.68065	6.21594	5.74729	5.27639	4.80324	4.32784	3.85021	3.3739	2.89171	2.40726	1.9206	1.43172	0.94063	0.447346	-0.0481284	-0.545784	-1.04561	-1.5476	-2.05174	-2.55803	-3.06644;
	6.22108	5.75441	5.28465	4.81262	4.33834	3.86181	3.38303	2.90558	2.42224	1.93663	1.44879	0.958738	0.46647	-0.028002	-0.524671	-1.02353	-1.52456	-2.02777	-2.53313	-3.04064	-3.55029;
	5.75842	5.29065	4.81976	4.34661	3.87119	3.39351	2.91358	2.43499	1.95049	1.46371	0.974702	0.483465	-0.00999018	-0.505657	-1.00353	-1.50359	-2.00584	-2.51027	-3.01686	-3.52561	-4.0365;
	5.29353	4.82467	4.35265	3.87836	3.40179	2.92297	2.44188	1.96214	1.47647	0.988518	0.498327	0.00590229	-0.488748	-0.985617	-1.4847	-1.98598	-2.48945	-2.9951	-3.50293	-4.01292	-4.52506;
	4.82643	4.35646	3.8833	3.40787	2.93015	2.45017	1.96792	1.48703	1.00018	0.511051	0.0196714	-0.473948	-0.969801	-1.46788	-1.96817	-2.47067	-2.97538	-3.48227	-3.99134	-4.50257	-5.01596;
	4.3571	3.88603	3.41173	2.93515	2.45628	1.97513	1.49171	1.00966	0.521635	0.031314	-0.461261	-0.956082	-1.45314	-1.95244	-2.45395	-2.95768	-3.46362	-3.97175	-4.48207	-4.99456	-5.50922;
	3.88557	3.41339	2.93794	2.4602	1.98016	1.49785	1.01325	0.530037	0.0408273	-0.450689	-0.944465	-1.4405	-1.93877	-2.43929	-2.94203	-3.447	-3.95418	-4.46356	-4.97513	-5.48889	-6.00481;
	3.41184	2.93854	2.46193	1.98302	1.50182	1.01833	0.532544	0.048169	-0.442234	-0.934952	-1.42994	-1.92718	-2.42668	-2.92843	-3.43241	-3.93862	-4.44704	-4.95768	-5.47052	-5.98554	-6.50274;
	2.9359	2.46148	1.98371	1.50363	1.02125	0.536574	0.0496019	-0.435941	-0.927545	-1.42147	-1.91767	-2.41614	-2.91687	-3.41985	-3.92507	-4.43253	-4.94221	-5.45411	-5.96822	-6.48452	-7.003;
	2.45776	1.98222	1.50328	1.02203	0.538466	0.0525969	-0.435573	-0.922287	-1.4151	-1.91024	-2.40766	-2.90736	-3.40932	-3.91354	-4.42002	-4.92873	-5.43968	-5.95285	-6.46823	-6.98581	-7.50558;
	1.97744	1.50078	1.02066	0.53822	0.053466	-0.4336	-0.922974	-1.41086	-1.90489	-2.40125	-2.8999	-3.40084	-3.90404	-4.40951	-4.91724	-5.42722	-5.93944	-6.45388	-6.97055	-7.48942	-8.01049;
	1.49494	1.01714	0.53584	0.0522116	-0.43374	-0.92201	-1.41259	-1.90166	-2.39691	-2.8945	-3.39439	-3.89656	-4.40102	-4.90775	-5.41674	-5.92798	-6.44148	-6.95721	-7.47788	-7.99538	-8.52018;
	1.01027	0.531327	0.0488366	-0.435989	-0.923144	-1.41262	-1.90443	-2.39468	-2.89497	-3.39371	-3.89474	-4.39807	-4.90368	-5.41157	-5.92173	-6.43415	-6.94882	-7.46573	-7.98486	-8.50622	-9.02978;
	0.523424	0.043343	-0.440344	-0.926374	-1.41474	-1.90544	-2.39846	-2.89381	-3.39148	-3.89146	-4.39375	-4.89833	-5.40521	-5.91437	-6.42581	-6.93951	-7.45547	-7.97368	-8.49412	-9.01679	-9.54167;
	0.0344254	-0.446804	-0.931694	-1.41893	-1.90852	-2.40044	-2.8947	-3.39128	-3.8902	-4.39143	-4.89497	-5.40082	-5.90897	-6.41941	-6.93213	-7.44713	-7.96439	-8.4839	-9.00565	-9.52964	-10.0558;
	-0.456722	-0.939104	-1.4252	-1.91366	-2.40447	-2.89762	-3.39312	-3.89095	-4.39111	-4.8936	-5.39841	-5.90553	-6.41496	-6.92668	-7.4407	-7.95699	-8.47556	-8.99638	-9.51946	-10.0448	-10.5723;
	-0.950008	-1.43355	-1.92087	-2.41055	-2.90258	-3.39697	-3.89371	-4.39279	-4.89422	-5.39797	-5.90405	-6.41245	-6.92316	-7.43618	-7.95149	-8.46909	-8.98897	-9.51112	-10.0355	-10.5622	-11.091;
	-1.44542	-1.93013	-2.41867	-2.90958	-3.40285	-3.89849	-4.39648	-4.89682	-5.3995	-5.90453	-6.41189	-6.92157	-7.43358	-7.94789	-8.46451	-8.98343	-9.50462	-10.0281	-10.5538	-11.0818	-11.612;
	-1.94295	-2.42883	-2.9186	-3.41075	-3.90526	-4.40215	-4.9014	-5.403	-5.90696	-6.41326	-6.92191	-7.43288	-7.94619	-8.46181	-8.97974	-9.49997	-10.0225	-10.5473	-11.0744	-11.6037	-12.1353;
	-2.44259	-2.92964	-3.42065	-3.91404	-4.40981	-4.90795	-5.40846	-5.91134	-6.41657	-6.92416	-7.4341	-7.94637	-8.46098	-8.97792	-9.49717	-10.0187	-10.5426	-11.0687	-11.5971	-12.1278	-12.6608;
	-2.94432	-3.43256	-3.92481	-4.41945	-4.91647	-5.41588	-5.91766	-6.42182	-6.92834	-7.43722	-7.94845	-8.46203	-8.97795	-9.4962	-10.0168	-10.5397	-11.0649	-11.5924	-12.1221	-12.6542	-13.1885];


