% U ovom scenariju jedan kondenzator je smesten na cvoru 2
% Proracunate su aktivne i reaktivne snage korena mreze
% 	aktivne i reaktivne snage gubitaka
% 	napon na krajevima mreze
% 	struja korena

Pdist2 = [... 
	0	22.7381;
	0.5	22.7314;
	1	22.7242;
	1.5	22.7171;
	2	22.7111;
	2.5	22.7059;
	3	22.7017;
	3.5	22.6984;
	4	22.6961;
	4.5	22.6948;
	5	22.6945;
	5.5	22.6952;
	6	22.6969;
	6.5	22.6995;
	7	22.7015;
	7.5	22.7061;
	8	22.7119;
	8.5	22.7187;
	9	22.7265;
	9.5	22.7355;
	10	22.7455];


Qdist2 = [... 
	0	6.68165;
	0.5	6.20011;
	1	5.7197;
	1.5	5.23434;
	2	4.74739;
	2.5	4.2589;
	3	3.76885;
	3.5	3.27723;
	4	2.78405;
	4.5	2.28929;
	5	1.79295;
	5.5	1.29504;
	6	0.795533;
	6.5	0.294438;
	7	-0.211535;
	7.5	-0.715828;
	8	-1.22173;
	8.5	-1.72924;
	9	-2.23836;
	9.5	-2.74911;
	10	-3.26148];


Ploss2 = [... 
	0	1.01878;
	0.5	1.0104;
	1	1.00316;
	1.5	0.996145;
	2	0.990052;
	2.5	0.984897;
	3	0.980688;
	3.5	0.977436;
	4	0.975149;
	4.5	0.973838;
	5	0.973513;
	5.5	0.974181;
	6	0.975855;
	6.5	0.978543;
	7	0.980454;
	7.5	0.985139;
	8	0.990876;
	8.5	0.997671;
	9	1.00554;
	9.5	1.01448;
	10	1.02451];


Qloss2 = [... 
	0	0.35965;
	0.5	-0.121893;
	1	-0.602305;
	1.5	-1.08766;
	2	-1.57461;
	2.5	-2.0631;
	3	-2.55315;
	3.5	-3.04477;
	4	-3.53795;
	4.5	-4.03271;
	5	-4.52905;
	5.5	-5.02696;
	6	-5.52647;
	6.5	-6.02756;
	7	-6.53353;
	7.5	-7.03783;
	8	-7.54373;
	8.5	-8.05124;
	9	-8.56036;
	9.5	-9.07111;
	10	-9.58348];


Vendprim2 = [...
	0	19.4212;
	0.5	19.4562;
	1	19.491;
	1.5	19.5262;
	2	19.5616;
	2.5	19.597;
	3	19.6325;
	3.5	19.668;
	4	19.7037;
	4.5	19.7395;
	5	19.7753;
	5.5	19.8113;
	6	19.8473;
	6.5	19.8834;
	7	19.92;
	7.5	19.9563;
	8	19.9927;
	8.5	20.0292;
	9	20.0658;
	9.5	20.1025;
	10	20.1393];


Vendsecond2 = [... 
	0	19.442;
	0.5	19.4656;
	1	19.4892;
	1.5	19.5131;
	2	19.5371;
	2.5	19.5611;
	3	19.5852;
	3.5	19.6094;
	4	19.6337;
	4.5	19.658;
	5	19.6824;
	5.5	19.7069;
	6	19.7315;
	6.5	19.7561;
	7	19.7812;
	7.5	19.806;
	8	19.8308;
	8.5	19.8558;
	9	19.8808;
	9.5	19.9059;
	10	19.9311];


Iroot2 = [... 
	0	651.611;
	0.5	647.781;
	1	644.238;
	1.5	640.924;
	2	637.888;
	2.5	635.136;
	3	632.677;
	3.5	630.516;
	4	628.659;
	4.5	627.113;
	5	625.881;
	5.5	624.971;
	6	624.385;
	6.5	624.128;
	7	624.155;
	7.5	624.567;
	8	625.317;
	8.5	626.408;
	9	627.841;
	9.5	629.617;
	10	631.735];
