% U ovom scenariju jedan kondenzator je smesten na cvoru 4
% Proracunate su aktivne i reaktivne snage korena mreze
% 	aktivne i reaktivne snage gubitaka
% 	napon na krajevima mreze
% 	struja korena

Pdist4 = [... 
	0	22.7398;
	0.5	22.7267;
	1	22.7153;
	1.5	22.7063;
	2	22.6997;
	2.5	22.6957;
	3	22.6941;
	3.5	22.6951;
	4	22.6988;
	4.5	22.7051;
	5	22.714;
	5.5	22.7257;
	6	22.7401;
	6.5	22.7587;
	7	22.7788;
	7.5	22.8018;
	8	22.8277;
	8.5	22.8565;
	9	22.8884;
	9.5	22.9232;
	10	22.9612];


Qdist4 = [... 
	0	6.68147;
	0.5	6.22191;
	1	5.75928;
	1.5	5.29443;
	2	4.82736;
	2.5	4.35807;
	3	3.88658;
	3.5	3.41288;
	4	2.93698;
	4.5	2.45888;
	5	1.9786;
	5.5	1.49614;
	6	1.0115;
	6.5	0.527538;
	7	0.0384651;
	7.5	-0.452794;
	8	-0.946197;
	8.5	-1.44173;
	9	-1.93939;
	9.5	-2.43916;
	10	-2.94103];


Ploss4 = [... 
	0	1.01889;
	0.5	1.00566;
	1	0.994256;
	1.5	0.98526;
	2	0.978712;
	2.5	0.974652;
	3	0.973118;
	3.5	0.974147;
	4	0.977779;
	4.5	0.984054;
	5	0.99301;
	5.5	1.00469;
	6	1.01913;
	6.5	1.0377;
	7	1.05782;
	7.5	1.0808;
	8	1.10669;
	8.5	1.13553;
	9	1.16737;
	9.5	1.20225;
	10	1.24021];


Qloss4 = [... 
	0	0.359466;
	0.5	-0.100086;
	1	-0.562717;
	1.5	-1.02757;
	2	-1.49464;
	2.5	-1.96393;
	3	-2.43542;
	3.5	-2.90912;
	4	-3.38502;
	4.5	-3.86312;
	5	-4.3434;
	5.5	-4.82586;
	6	-5.3105;
	6.5	-5.79446;
	7	-6.28353;
	7.5	-6.77479;
	8	-7.2682;
	8.5	-7.76373;
	9	-8.26139;
	9.5	-8.76116;
	10	-9.26303];


Vendprim4 = [...
	0	19.4212;
	0.5	19.4733;
	1	19.5257;
	1.5	19.5781;
	2	19.6307;
	2.5	19.6833;
	3	19.7361;
	3.5	19.789;
	4	19.842;
	4.5	19.8952;
	5	19.9484;
	5.5	20.0018;
	6	20.0552;
	6.5	20.1084;
	7	20.1621;
	7.5	20.2159;
	8	20.2698;
	8.5	20.3238;
	9	20.3778;
	9.5	20.432;
	10	20.4863];


Vendsecond4 = [... 
	0	19.442;
	0.5	19.4646;
	1	19.4873;
	1.5	19.5102;
	2	19.5332;
	2.5	19.5563;
	3	19.5795;
	3.5	19.6029;
	4	19.6263;
	4.5	19.6498;
	5	19.6735;
	5.5	19.6972;
	6	19.7211;
	6.5	19.7448;
	7	19.7689;
	7.5	19.793;
	8	19.8173;
	8.5	19.8417;
	9	19.8662;
	9.5	19.8908;
	10	19.9155];


Iroot4 = [... 
	0	651.613;
	0.5	647.814;
	1	644.268;
	1.5	641.006;
	2	638.036;
	2.5	635.368;
	3	633.01;
	3.5	630.97;
	4	629.257;
	4.5	627.877;
	5	626.838;
	5.5	626.147;
	6	625.81;
	6.5	625.87;
	7	626.256;
	7.5	627.01;
	8	628.138;
	8.5	629.64;
	9	631.522;
	9.5	633.784;
	10	636.427];
