% U ovom scenariju jedan kondenzator je smesten na cvoru 6
% Proracunate su aktivne i reaktivne snage korena mreze
% 	aktivne i reaktivne snage gubitaka
% 	napon na krajevima mreze
% 	struja korena

Pdist6 = [... 
	0	22.7399;
	0.5	22.7265;
	1	22.7159;
	1.5	22.709;
	2	22.7056;
	2.5	22.706;
	3	22.7101;
	3.5	22.7187;
	4	22.7306;
	4.5	22.7464;
	5	22.7662;
	5.5	22.7901;
	6	22.8182;
	6.5	22.8505;
	7	22.8871;
	7.5	22.9281;
	8	22.9736;
	8.5	23.0234;
	9	23.0782;
	9.5	23.1377;
	10	23.202];


Qdist6 = [... 
	0	6.68144;
	0.5	6.22518;
	1	5.7654;
	1.5	5.303;
	2	4.838;
	2.5	4.37041;
	3	3.90026;
	3.5	3.4308;
	4	2.95537;
	4.5	2.47742;
	5	1.99699;
	5.5	1.51412;
	6	1.02883;
	6.5	0.54115;
	7	0.0511192;
	7.5	-0.441232;
	8	-0.935867;
	8.5	-1.4332;
	9	-1.93196;
	9.5	-2.43286;
	10	-2.93588];


Ploss6 = [... 
	0	1.01893;
	0.5	1.00546;
	1	0.994941;
	1.5	0.987973;
	2	0.984622;
	2.5	0.984959;
	3	0.989052;
	3.5	0.997729;
	4	1.00961;
	4.5	1.02542;
	5	1.04524;
	5.5	1.06915;
	6	1.09722;
	6.5	1.12952;
	7	1.16613;
	7.5	1.20712;
	8	1.25257;
	8.5	1.30243;
	9	1.35722;
	9.5	1.41672;
	10	1.481];


Qloss6 = [... 
	0	0.359436;
	0.5	-0.0968245;
	1	-0.556599;
	1.5	-1.019;
	2	-1.484;
	2.5	-1.95159;
	3	-2.42174;
	3.5	-2.8912;
	4	-3.36663;
	4.5	-3.84458;
	5	-4.32501;
	5.5	-4.80788;
	6	-5.29317;
	6.5	-5.78085;
	7	-6.27088;
	7.5	-6.76323;
	8	-7.25787;
	8.5	-7.7552;
	9	-8.25396;
	9.5	-8.75486;
	10	-9.25788];


Vendprim6 = [...
	0	19.4212;
	0.5	19.4859;
	1	19.5509;
	1.5	19.6159;
	2	19.681;
	2.5	19.7462;
	3	19.8115;
	3.5	19.8766;
	4	19.9421;
	4.5	20.0077;
	5	20.0733;
	5.5	20.1391;
	6	20.2049;
	6.5	20.2707;
	7	20.3366;
	7.5	20.4025;
	8	20.4685;
	8.5	20.5344;
	9	20.6004;
	9.5	20.6663;
	10	20.7323];


Vendsecond6 = [... 
	0	19.442;
	0.5	19.4644;
	1	19.487;
	1.5	19.5098;
	2	19.5327;
	2.5	19.5557;
	3	19.5789;
	3.5	19.6019;
	4	19.6253;
	4.5	19.6489;
	5	19.6725;
	5.5	19.6963;
	6	19.7202;
	6.5	19.7443;
	7	19.7684;
	7.5	19.7927;
	8	19.817;
	8.5	19.8417;
	9	19.8663;
	9.5	19.891;
	10	19.9158];


Iroot6 = [... 
	0	651.613;
	0.5	647.832;
	1	644.327;
	1.5	641.132;
	2	638.256;
	2.5	635.71;
	3	633.505;
	3.5	631.685;
	4	630.19;
	4.5	629.063;
	5	628.313;
	5.5	627.948;
	6	627.976;
	6.5	628.403;
	7	629.235;
	7.5	630.477;
	8	632.133;
	8.5	634.205;
	9	636.706;
	9.5	639.629;
	10	642.976];
