% U ovom scenariju jedan kondenzator je smesten na cvoru 7
% Proracunate su aktivne i reaktivne snage korena mreze
% 	aktivne i reaktivne snage gubitaka
% 	napon na krajevima mreze
% 	struja korena

Pdist7 = [... 
	0	22.7399;
	0.5	22.7262;
	1	22.715;
	1.5	22.7072;
	2	22.7027;
	2.5	22.7016;
	3	22.7039;
	3.5	22.7098;
	4	22.7192;
	4.5	22.7334;
	5	22.7502;
	5.5	22.7708;
	6	22.7952;
	6.5	22.8235;
	7	22.8557;
	7.5	22.8919;
	8	22.9323;
	8.5	22.9767;
	9	23.0254;
	9.5	23.0784;
	10	23.1355];


Qdist7 = [... 
	0	6.6814;
	0.5	6.22429;
	1	5.76365;
	1.5	5.30039;
	2	4.83454;
	2.5	4.3661;
	3	3.8951;
	3.5	3.42154;
	4	2.94546;
	4.5	2.46994;
	5	1.98866;
	5.5	1.50488;
	6	1.01865;
	6.5	0.529982;
	7	0.0389152;
	7.5	-0.454528;
	8	-0.95032;
	8.5	-1.44843;
	9	-1.94883;
	9.5	-2.45149;
	10	-2.95667];


Ploss7 = [... 
	0	1.01892;
	0.5	1.00515;
	1	0.994044;
	1.5	0.986203;
	2	0.981691;
	2.5	0.980572;
	3	0.982906;
	3.5	0.988758;
	4	0.99819;
	4.5	1.01238;
	5	1.02922;
	5.5	1.0498;
	6	1.07419;
	6.5	1.10247;
	7	1.1347;
	7.5	1.17094;
	8	1.21127;
	8.5	1.25574;
	9	1.30444;
	9.5	1.35743;
	10	1.41448];


Qloss7 = [... 
	0	0.359402;
	0.5	-0.0977099;
	1	-0.558353;
	1.5	-1.02161;
	2	-1.48746;
	2.5	-1.9559;
	3	-2.4269;
	3.5	-2.90046;
	4	-3.37654;
	4.5	-3.85206;
	5	-4.33334;
	5.5	-4.81712;
	6	-5.30335;
	6.5	-5.79202;
	7	-6.28308;
	7.5	-6.77653;
	8	-7.27232;
	8.5	-7.77043;
	9	-8.27083;
	9.5	-8.77349;
	10	-9.27867];


Vendprim7 = [...
	0	19.4212;
	0.5	19.4437;
	1	19.4664;
	1.5	19.4893;
	2	19.5122;
	2.5	19.5353;
	3	19.5585;
	3.5	19.5819;
	4	19.6054;
	4.5	19.6287;
	5	19.6524;
	5.5	19.6763;
	6	19.7002;
	6.5	19.7243;
	7	19.7486;
	7.5	19.7729;
	8	19.7974;
	8.5	19.8219;
	9	19.8466;
	9.5	19.8714;
	10	19.8965];


Vendsecond7 = [... 
	0	19.442;
	0.5	19.5045;
	1	19.5671;
	1.5	19.63;
	2	19.6929;
	2.5	19.7559;
	3	19.819;
	3.5	19.8823;
	4	19.9456;
	4.5	20.0087;
	5	20.0722;
	5.5	20.1358;
	6	20.1996;
	6.5	20.2633;
	7	20.3272;
	7.5	20.3911;
	8	20.4551;
	8.5	20.5192;
	9	20.5833;
	9.5	20.6475;
	10	20.7115];


Iroot7 = [... 
	0	651.613;
	0.5	647.817;
	1	644.292;
	1.5	641.068;
	2	638.157;
	2.5	635.57;
	3	633.315;
	3.5	631.403;
	4	629.843;
	4.5	628.684;
	5	627.854;
	5.5	627.4;
	6	627.331;
	6.5	627.652;
	7	628.37;
	7.5	629.489;
	8	631.015;
	8.5	632.951;
	9	635.299;
	9.5	638.062;
	10	641.234];
