% U ovom scenariju jedan kondenzator je smesten na cvoru 3
% Proracunate su aktivne i reaktivne snage korena mreze
% 	aktivne i reaktivne snage gubitaka
% 	napon na krajevima mreze
% 	struja korena

Pdist3 = [... 
	0	22.7399;
	0.5	22.7332;
	1	22.7265;
	1.5	22.721;
	2	22.7166;
	2.5	22.7134;
	3	22.7114;
	3.5	22.7106;
	4	22.711;
	4.5	22.7127;
	5	22.7155;
	5.5	22.7197;
	6	22.7251;
	6.5	22.7317;
	7	22.7397;
	7.5	22.749;
	8	22.7596;
	8.5	22.7716;
	9	22.7849;
	9.5	22.7995;
	10	22.8156];


Qdist3 = [... 
	0	6.68165;
	0.5	6.20052;
	1	5.71363;
	1.5	5.22504;
	2	4.73479;
	2.5	4.24288;
	3	3.74931;
	3.5	3.25407;
	4	2.75715;
	4.5	2.25855;
	5	1.75827;
	5.5	1.2563;
	6	0.752644;
	6.5	0.247292;
	7	-0.25976;
	7.5	-0.768514;
	8	-1.27897;
	8.5	-1.79115;
	9	-2.30503;
	9.5	-2.82063;
	10	-3.33796];


Ploss3 = [... 
	0	1.01877;
	0.5	1.0122;
	1	1.00553;
	1.5	0.999987;
	2	0.995613;
	2.5	0.992415;
	3	0.990407;
	3.5	0.989602;
	4	0.990012;
	4.5	0.99165;
	5	0.99453;
	5.5	0.998664;
	6	1.00407;
	6.5	1.01075;
	7	1.01873;
	7.5	1.02801;
	8	1.03862;
	8.5	1.05057;
	9	1.06386;
	9.5	1.07852;
	10	1.09456];


Qloss3 = [... 
	0	0.359645;
	0.5	-0.121476;
	1	-0.608372;
	1.5	-1.09696;
	2	-1.58721;
	2.5	-2.07912;
	3	-2.57269;
	3.5	-3.06793;
	4	-3.56485;
	4.5	-4.06345;
	5	-4.56373;
	5.5	-5.0657;
	6	-5.56936;
	6.5	-6.07471;
	7	-6.58176;
	7.5	-7.09051;
	8	-7.60097;
	8.5	-8.11315;
	9	-8.62703;
	9.5	-9.14263;
	10	-9.65996];


Vendprim3 = [...
	0	19.4212;
	0.5	19.4448;
	1	19.4688;
	1.5	19.4929;
	2	19.517;
	2.5	19.5413;
	3	19.5656;
	3.5	19.59;
	4	19.6145;
	4.5	19.639;
	5	19.6637;
	5.5	19.6884;
	6	19.7132;
	6.5	19.7381;
	7	19.7631;
	7.5	19.7881;
	8	19.8133;
	8.5	19.8385;
	9	19.8638;
	9.5	19.8891;
	10	19.9146];


Vendsecond3 = [... 
	0	19.442;
	0.5	19.4796;
	1	19.5177;
	1.5	19.556;
	2	19.5943;
	2.5	19.6327;
	3	19.6712;
	3.5	19.7099;
	4	19.7486;
	4.5	19.7874;
	5	19.8263;
	5.5	19.8653;
	6	19.9044;
	6.5	19.9436;
	7	19.9829;
	7.5	20.0223;
	8	20.0618;
	8.5	20.1014;
	9	20.1411;
	9.5	20.1809;
	10	20.2207];


Iroot3 = [... 
	0	651.611;
	0.5	647.832;
	1	644.261;
	1.5	640.97;
	2	637.967;
	2.5	635.259;
	3	632.853;
	3.5	630.756;
	4	628.975;
	4.5	627.516;
	5	626.383;
	5.5	625.583;
	6	625.12;
	6.5	624.998;
	7	625.221;
	7.5	625.792;
	8	626.715;
	8.5	627.989;
	9	629.619;
	9.5	631.603;
	10	633.943];
